function cc = getdata_translation_cylinderpose(C,l,P)

C11 = C(1,1);
C12 = C(1,2);
C13 = C(1,3);
C14 = C(1,4);
C21 = C(2,1);
C22 = C(2,2);
C23 = C(2,3);
C24 = C(2,4);
C31 = C(3,1);
C32 = C(3,2);
C33 = C(3,3);
C34 = C(3,4);
C41 = C(4,1);
C42 = C(4,2);
C43 = C(4,3);
C44 = C(4,4);

l1 = l(1);
l2 = l(2);
l3 = l(3);

P11 = P(1,1);
P12 = P(1,2);
P13 = P(1,3);
P21 = P(2,1);
P22 = P(2,2);
P23 = P(2,3);
P31 = P(3,1);
P32 = P(3,2);
P33 = P(3,3);

cc = [C44*l1^2, 2*C44*l1*l2, 2*C44*l1*l3, l1*(C14*(P11*l1 + P21*l2 + P31*l3) + C24*(P12*l1 + P22*l2 + P32*l3) + C34*(P13*l1 + P23*l2 + P33*l3) + C41*P11*l1 + C42*P12*l1 + C43*P13*l1) + l2*(C41*P21*l1 + C42*P22*l1 + C43*P23*l1) + l3*(C41*P31*l1 + C42*P32*l1 + C43*P33*l1), C44*l2^2, 2*C44*l2*l3, l2*(C14*(P11*l1 + P21*l2 + P31*l3) + C24*(P12*l1 + P22*l2 + P32*l3) + C34*(P13*l1 + P23*l2 + P33*l3) + C41*P21*l2 + C42*P22*l2 + C43*P23*l2) + l1*(C41*P11*l2 + C42*P12*l2 + C43*P13*l2) + l3*(C41*P31*l2 + C42*P32*l2 + C43*P33*l2), C44*l3^2, l3*(C14*(P11*l1 + P21*l2 + P31*l3) + C24*(P12*l1 + P22*l2 + P32*l3) + C34*(P13*l1 + P23*l2 + P33*l3) + C41*P31*l3 + C42*P32*l3 + C43*P33*l3) + l1*(C41*P11*l3 + C42*P12*l3 + C43*P13*l3) + l2*(C41*P21*l3 + C42*P22*l3 + C43*P23*l3), l1*(P11*(C11*(P11*l1 + P21*l2 + P31*l3) + C21*(P12*l1 + P22*l2 + P32*l3) + C31*(P13*l1 + P23*l2 + P33*l3)) + P12*(C12*(P11*l1 + P21*l2 + P31*l3) + C22*(P12*l1 + P22*l2 + P32*l3) + C32*(P13*l1 + P23*l2 + P33*l3)) + P13*(C13*(P11*l1 + P21*l2 + P31*l3) + C23*(P12*l1 + P22*l2 + P32*l3) + C33*(P13*l1 + P23*l2 + P33*l3))) + l2*(P21*(C11*(P11*l1 + P21*l2 + P31*l3) + C21*(P12*l1 + P22*l2 + P32*l3) + C31*(P13*l1 + P23*l2 + P33*l3)) + P22*(C12*(P11*l1 + P21*l2 + P31*l3) + C22*(P12*l1 + P22*l2 + P32*l3) + C32*(P13*l1 + P23*l2 + P33*l3)) + P23*(C13*(P11*l1 + P21*l2 + P31*l3) + C23*(P12*l1 + P22*l2 + P32*l3) + C33*(P13*l1 + P23*l2 + P33*l3))) + l3*(P31*(C11*(P11*l1 + P21*l2 + P31*l3) + C21*(P12*l1 + P22*l2 + P32*l3) + C31*(P13*l1 + P23*l2 + P33*l3)) + P32*(C12*(P11*l1 + P21*l2 + P31*l3) + C22*(P12*l1 + P22*l2 + P32*l3) + C32*(P13*l1 + P23*l2 + P33*l3)) + P33*(C13*(P11*l1 + P21*l2 + P31*l3) + C23*(P12*l1 + P22*l2 + P32*l3) + C33*(P13*l1 + P23*l2 + P33*l3)))];


